 <pre>

 Contingency table for Cloud cover (octas)
 Selection: ALL     79 stations
Period: 20200629-20200705
Used {00,06,12,18} + 01 02 ... 36
 Limits   0.500000000       1.50000000       2.50000000       3.50000000       4.50000000       5.50000000       6.50000000       7.50000000    
 Each class is data <= limit, the very last > last limit
 Total number of values       54743
                                                       OBSERVATION
                                   3490      405      345      294      258      195      202      324      583 |      6096
                                    566      160      130      145      125      160      121      262      456 |      2125
                                    324       93       69       80       88       92      112      197      355 |      1410
                                    230       76       66       86       69       90      106      200      374 |      1297
                          aa11      226       87       35      110       81       95      122      204      472 |      1432
                                    218       86       48       88       82      123      118      249      440 |      1452
                                    207      101       62       95      109      127      132      326      646 |      1805
                                    301      118       91      139      131      211      189      484     1115 |      2779
                                    814      480      317      654      504     1070     1042     6276    25190 |     36347

                    SUM            6376     1606     1163     1691     1447     2163     2144     8522    29631 |     54743
                                                       OBSERVATION
                                   3461      405      354      289      252      197      191      314      615 |      6078
                                    571      148      125      153      125      131      128      278      427 |      2086
                                    329      104       70       91       78      104      114      201      368 |      1459
                                    208       80       62       80       83      100      104      201      330 |      1248
                          aa21      230       80       39      107       83      101      125      209      444 |      1418
                                    222       77       48       86       92      120      125      225      507 |      1502
                                    230       98       58      101      100      127      136      329      666 |      1845
                                    313      124       84      133      129      226      190      512     1110 |      2821
                                    812      490      323      651      505     1057     1031     6253    25164 |     36286

                    SUM            6376     1606     1163     1691     1447     2163     2144     8522    29631 |     54743
                                                       OBSERVATION
                                   3483      405      346      296      254      191      201      320      589 |      6085
                                    584      165      122      140      139      146      120      268      453 |      2137
                                    316       83       86       87       76      107      106      183      358 |      1402
                                    250       86       53       82       72       92      115      221      383 |      1354
                          aa31      186       77       51      109       87       99      122      203      417 |      1351
                                    209       78       47       85       89      114      129      232      539 |      1522
                                    218      110       59      108       94      131      135      350      627 |      1832
                                    309      130       88      133      137      211      175      478     1087 |      2748
                                    821      472      311      651      499     1072     1041     6267    25178 |     36312

                    SUM            6376     1606     1163     1691     1447     2163     2144     8522    29631 |     54743
                                                       OBSERVATION
                                   3501      418      345      301      256      186      214      312      604 |      6137
                                    574      152      131      145      117      143      100      281      425 |      2068
                                    327       79       69       75       84      108      123      197      365 |      1427
                                    248       83       69       82       77       96      110      206      374 |      1345
                          aa22      209       80       42      105       91       82      122      212      422 |      1365
                                    213       89       46       90       96      130      118      232      515 |      1529
                                    200       93       53      107      100      133      143      307      653 |      1789
                                    278      126       89      132      119      220      172      471     1129 |      2736
                                    826      486      319      654      507     1065     1042     6304    25144 |     36347

                    SUM            6376     1606     1163     1691     1447     2163     2144     8522    29631 |     54743
                                                       OBSERVATION
                                   3506      413      358      298      251      195      208      316      583 |      6128
                                    580      153      121      132      129      125      109      288      462 |      2099
                                    306       78       70       92       82      113      120      186      342 |      1389
                                    243       85       57       85       75      103      114      198      351 |      1311
                          aa33      220       85       42      112       86       88      130      212      433 |      1408
                                    204       91       46       77       83      127      107      230      528 |      1493
                                    205       92       53      114      100      129      144      305      637 |      1779
                                    292      135       93      138      140      212      183      490     1114 |      2797
                                    820      474      323      643      501     1071     1029     6297    25181 |     36339

                    SUM            6376     1606     1163     1691     1447     2163     2144     8522    29631 |     54743

